1 0.2011483134920635 0.8828935185185185 0.05405505952380952 0.07283399470899471
1 0.4125843253968254 0.29730820105820105 0.06025049603174603 0.06345238095238095
1 0.34262152777777777 0.07754298941798943 0.05632688492063492 0.07970238095238096
1 0.21241319444444445 0.7160152116402116 0.06872767857142857 0.07259589947089948
1 0.3558234126984127 0.7315608465608465 0.04728174603174603 0.07127314814814815
0 0.3302752976190476 0.9454761904761905 0.06117559523809524 0.07333333333333333
0 0.6104737103174602 0.5885317460317461 0.05385664682539683 0.06301917989417989
0 0.6972544642857142 0.04708002645502646 0.04646329365079365 0.07779431216931217
0 0.9272098214285714 0.11789682539682539 0.057785218253968255 0.06843584656084656
1 0.2716170634920635 0.5683234126984127 0.03960565476190476 0.06374669312169312
0 0.513343253968254 0.9427149470899471 0.05218005952380952 0.07885582010582011