1 0.14493799603174604 0.2870767195767196 0.049303075396825394 0.06819775132275131
1 0.25329613095238096 0.9377480158730159 0.0365625 0.072255291005291
1 0.017981150793650792 0.795869708994709 0.035962301587301584 0.05508597883597884
1 0.499124503968254 0.6011640211640212 0.05085813492063492 0.05097883597883598
1 0.37796626984126985 0.719265873015873 0.045161210317460315 0.04956349206349206
1 0.6056175595238095 0.7035515873015873 0.04372767857142857 0.04461640211640211
1 0.5776041666666667 0.328667328042328 0.040230654761904766 0.05364748677248677
1 0.6856200396825397 0.2938128306878307 0.0449280753968254 0.06383267195767196
1 0.7518774801587302 0.23386904761904762 0.04386408730158731 0.05475198412698413
1 0.6305605158730159 0.08340277777777778 0.036001984126984125 0.06798611111111111
0 0.24894097222222222 0.5649603174603175 0.047752976190476186 0.07378637566137566
0 0.07162698412698414 0.650191798941799 0.0501984126984127 0.06205026455026454
0 0.0781671626984127 0.8909953703703704 0.052001488095238094 0.05333002645502646
0 0.21172371031746032 0.822390873015873 0.05026289682539682 0.06487103174603175
0 0.49071180555555555 0.4609689153439154 0.042879464285714285 0.05358796296296297
0 0.4444791666666667 0.326005291005291 0.04110119047619048 0.052354497354497355
1 0.6265724206349207 0.7478935185185186 0.0439781746031746 0.04852513227513228
1 0.46181795634920636 0.14805555555555555 0.04114583333333333 0.05441468253968254
1 0.052390873015873016 0.5138624338624339 0.04154761904761905 0.053627645502645496