1 0.33705605158730156 0.3754001322751323 0.055052083333333335 0.08253637566137566
1 0.46202132936507934 0.6161805555555555 0.04321924603174603 0.07716269841269842
1 0.48426339285714287 0.856901455026455 0.04833829365079365 0.0950595238095238
1 0.34881944444444446 0.9325694444444445 0.04145089285714285 0.06277116402116402
1 0.525734126984127 0.49510251322751325 0.04972470238095238 0.04815806878306878
1 0.5532614087301587 0.3578174603174603 0.0417906746031746 0.06148148148148148
0 0.6527752976190475 0.7413458994708995 0.05109623015873016 0.0847718253968254
0 0.6764732142857143 0.49939153439153444 0.048343253968253966 0.0627281746031746
0 0.5329117063492063 0.7294609788359788 0.03784722222222222 0.062242063492063494
0 0.33208333333333334 0.5775958994708995 0.03772073412698413 0.05512566137566137
0 0.2305530753968254 0.474755291005291 0.06220734126984127 0.0557771164021164