0 0.20230406746031748 0.12495701058201059 0.05669890873015873 0.0675462962962963
0 0.872390873015873 0.7623412698412699 0.05829365079365079 0.08246031746031747
0 0.4364781746031746 0.08578042328042328 0.05462053571428571 0.07645171957671958
0 0.3215277777777778 0.7790972222222221 0.05883184523809524 0.07209986772486772
0 0.3257589285714286 0.9750231481481481 0.055329861111111114 0.04995039682539683
1 0.4870659722222222 0.6057969576719577 0.05265376984126984 0.061550925925925926
1 0.5204042658730159 0.4164351851851852 0.060381944444444446 0.06660383597883598
1 0.359233630952381 0.36499669312169314 0.0553422619047619 0.08019179894179894
1 0.6233978174603174 0.8315839947089947 0.06273065476190476 0.07294642857142858
1 0.821748511904762 0.9632771164021163 0.04797123015873016 0.07080026455026454
1 0.7877306547619047 0.31183862433862436 0.05400049603174603 0.07076719576719577