1 0.1999032738095238 0.888693783068783 0.05654513888888889 0.07446428571428572
1 0.37506200396825395 0.9115939153439153 0.05841021825396825 0.06834656084656085
1 0.5980679563492063 0.8413723544973545 0.05634672619047619 0.07651785714285714
1 0.6080902777777778 0.6832208994708995 0.06853918650793651 0.06653769841269841
1 0.6660689484126985 0.5413690476190476 0.04187003968253968 0.07687169312169312
1 0.3761334325396825 0.18067791005291006 0.04469246031746031 0.07515542328042328
1 0.8048239087301587 0.2679133597883598 0.055367063492063495 0.05941137566137566
1 0.7408159722222222 0.05393187830687831 0.04780009920634921 0.06189153439153439
0 0.7239682539682539 0.9052314814814815 0.051731150793650794 0.07445767195767196
0 0.9193849206349206 0.9111838624338625 0.05607142857142858 0.060347222222222226
0 0.8887797619047619 0.6181481481481481 0.0494890873015873 0.07763558201058202
0 0.401922123015873 0.40860449735449733 0.04767857142857143 0.05580357142857143
0 0.2557862103174603 0.36330026455026454 0.04398065476190476 0.07145833333333333
0 0.1412425595238095 0.23566137566137565 0.05316220238095238 0.07100859788359788
1 0.37151289682539684 0.5664748677248678 0.04566220238095239 0.05752645502645503
1 0.31229910714285714 0.5691203703703703 0.05496775793650793 0.05664351851851852