1 0.17575892857142855 0.3521660052910053 0.04282738095238096 0.05625
1 0.03423363095238095 0.8519510582010582 0.04810267857142857 0.04874338624338625
1 0.6298611111111111 0.7601951058201057 0.049801587301587305 0.040456349206349204
1 0.40442212301587305 0.9261111111111111 0.04680803571428571 0.059156746031746026
1 0.08380456349206349 0.5768816137566137 0.03328373015873016 0.05655423280423281
1 0.39989583333333334 0.7749768518518519 0.043459821428571424 0.0505787037037037
1 0.5253000992063492 0.6592923280423281 0.04562996031746031 0.043849206349206346
1 0.6018080357142856 0.38642195767195764 0.04142113095238095 0.05056547619047619
1 0.7084002976190477 0.3499669312169312 0.04401289682539683 0.06395502645502646
0 0.2734598214285714 0.623561507936508 0.04831845238095238 0.08554563492063492
0 0.09821428571428571 0.7052149470899471 0.049109623015873016 0.06113095238095238
0 0.2391815476190476 0.8822916666666667 0.03998759920634921 0.06743055555555555
0 0.18656001984126985 0.09148148148148148 0.043549107142857146 0.05513227513227513
0 0.5144890873015873 0.5190674603174603 0.03996775793650794 0.046521164021164026
0 0.46828373015873015 0.38777777777777783 0.04061755952380953 0.057781084656084655
1 0.49052579365079363 0.21370701058201058 0.040771329365079365 0.05869708994708995
1 0.6491493055555555 0.8075661375661375 0.043464781746031744 0.04822751322751323